CAP 2182194
41230330429333000282550010001321871020302646 
41230330429333000282550010001321911020303203
41230330429333000282550010001321561020296950
41230330429333000282550010001321601020297541
41230330429333000282550010001321581020297322
41230330429333000282550010001322231020307212
41230330429333000282550010001322241020307228
41230330429333000282550010001322321020308358
41230330429333000282550010001322761020312350
41230330429333000282550010001323221020317062
41230430429333000282550010001323561020322130
41230430429333000282550010001323771020324028
41230430429333000282550010001323881020324870
41230430429333000282550010001323901020325085
41230430429333000282550010001323911020325104
41230430429333000282550010001323931020325184
41230430429333000282550010001324001020325660
41230430429333000282550010001324021020325789
41230430429333000282550010001324081020326738
41230430429333000282550010001324091020326751
41230430429333000282550010001324131020328234
41230430429333000282550010001324461020336360
41230430429333000282550010001324481020336747
41230430429333000282550010001324531020337930
41230430429333000282550010001324471020336480
41230330429333000282550010001321581020297322
41230330429333000282550010001322231020307212
41230330429333000282550010001322241020307228
41230330429333000282550010001322321020308358
41230330429333000282550010001322761020312350
41230330429333000282550010001323221020317062
41230330429333000282550010001321911020303203
41230330429333000282550010001321561020296950
41230330429333000282550010001321601020297541
CAP 2182193
35230405065447000162550060001090321001158441
CAP 2182101
35230312053850000137550060000784671000855306
35230312053850000137550060000784651000855280
35230312053850000137550060000784371000855005
35230312053850000137550060000784361000854990
35230312053850000137550060000784351000854985
35230312053850000137550060000784341000854970
35230312053850000137550060000784301000854938
35230312053850000137550060000784291000854929
35230312053850000137550060000784331000854964
35230312053850000137550060000784311000854943